calibration triangle
x1 = -1.121, y1 = 1.79826, z1 = 0.004
x2 = 1.121, y2 = 1.79826, z2 = 0.004
x3 = 0.769229, y3 = 0.3, z3 = 0.004
lowerQuadrant = right
